# Blender v2.78 (sub 0) OBJ File: 'jacobsSmall.blend'
# www.blender.org
mtllib jacobs_normal.mtl
o Cube.007_Cube.015
v 0.844979 1.958689 0.562500
v 0.879736 2.078760 0.562500
v 0.844979 1.958689 0.437500
v 0.879736 2.078760 0.437500
v 0.965050 1.923932 0.562500
v 0.999807 2.044003 0.562500
v 0.965050 1.923932 0.437500
v 0.999807 2.044003 0.437500
vn -0.9606 0.2781 0.0000
vn 0.0000 0.0000 -1.0000
vn 0.9606 -0.2781 0.0000
vn 0.0000 0.0000 1.0000
vn -0.2781 -0.9606 0.0000
vn 0.2781 0.9606 0.0000
usemtl None
s off
f 1//1 2//1 4//1 3//1
f 3//2 4//2 8//2 7//2
f 7//3 8//3 6//3 5//3
f 5//4 6//4 2//4 1//4
f 3//5 7//5 5//5 1//5
f 8//6 4//6 2//6 6//6
o Cube.005_Cube.013
v 0.599997 1.000000 0.531250
v 0.874997 1.950000 0.531250
v 0.599997 1.000000 0.468750
v 0.874997 1.950000 0.468750
v 0.660032 0.982621 0.531250
v 0.935032 1.932621 0.531250
v 0.660032 0.982621 0.468750
v 0.935032 1.932621 0.468750
vn -0.9606 0.2781 0.0000
vn 0.0000 0.0000 -1.0000
vn 0.9606 -0.2781 0.0000
vn 0.0000 0.0000 1.0000
vn -0.2781 -0.9606 0.0000
vn 0.2781 0.9606 0.0000
usemtl None
s off
f 9//7 10//7 12//7 11//7
f 11//8 12//8 16//8 15//8
f 15//9 16//9 14//9 13//9
f 13//10 14//10 10//10 9//10
f 11//11 15//11 13//11 9//11
f 16//12 12//12 10//12 14//12
o Cube.001_Cube.005
v 0.000000 0.000000 1.000000
v 0.000000 1.000000 1.000000
v 0.000000 0.000000 0.000000
v 0.000000 1.000000 0.000000
v 1.000000 0.000000 1.000000
v 1.000000 1.000000 1.000000
v 1.000000 0.000000 0.000000
v 1.000000 1.000000 0.000000
vn -1.0000 0.0000 0.0000
vn 0.0000 0.0000 -1.0000
vn 1.0000 0.0000 0.0000
vn 0.0000 0.0000 1.0000
vn 0.0000 -1.0000 0.0000
vn 0.0000 1.0000 0.0000
usemtl None
s off
f 17//13 18//13 20//13 19//13
f 19//14 20//14 24//14 23//14
f 23//15 24//15 22//15 21//15
f 21//16 22//16 18//16 17//16
f 19//17 23//17 21//17 17//17
f 24//18 20//18 18//18 22//18
o Cube.006_Cube.014
v 0.399997 1.000000 0.468750
v 0.124997 1.950000 0.468750
v 0.399997 1.000000 0.531250
v 0.124997 1.950000 0.531250
v 0.339962 0.982621 0.468750
v 0.064962 1.932621 0.468750
v 0.339962 0.982621 0.531250
v 0.064962 1.932621 0.531250
vn 0.9606 0.2781 0.0000
vn 0.0000 0.0000 1.0000
vn -0.9606 -0.2781 0.0000
vn 0.0000 0.0000 -1.0000
vn 0.2781 -0.9606 0.0000
vn -0.2781 0.9606 0.0000
usemtl None
s off
f 25//19 26//19 28//19 27//19
f 27//20 28//20 32//20 31//20
f 31//21 32//21 30//21 29//21
f 29//22 30//22 26//22 25//22
f 27//23 31//23 29//23 25//23
f 32//24 28//24 26//24 30//24
o Cube.008_Cube.016
v 0.155015 1.958689 0.437500
v 0.120257 2.078760 0.437500
v 0.155015 1.958689 0.562500
v 0.120257 2.078760 0.562500
v 0.034944 1.923932 0.437500
v 0.000187 2.044003 0.437500
v 0.034944 1.923932 0.562500
v 0.000187 2.044003 0.562500
vn 0.9606 0.2781 0.0000
vn 0.0000 0.0000 1.0000
vn -0.9606 -0.2781 0.0000
vn 0.0000 0.0000 -1.0000
vn 0.2781 -0.9606 -0.0000
vn -0.2781 0.9606 0.0000
usemtl None
s off
f 33//25 34//25 36//25 35//25
f 35//26 36//26 40//26 39//26
f 39//27 40//27 38//27 37//27
f 37//28 38//28 34//28 33//28
f 35//29 39//29 37//29 33//29
f 40//30 36//30 34//30 38//30
